########### DA Stable ###########

 Interval |  Reduced |      % |        TAD |    MAD |     MD
------------------------------------------------------------
        5 |      323 |  20.07 |       9.21 |   0.01 |   0.08
        6 |      270 |  16.78 |       9.58 |   0.01 |   0.08
        8 |      203 |  12.62 |      10.03 |   0.01 |   0.08
       10 |      162 |  10.07 |      10.66 |   0.01 |   0.09
       13 |      125 |   7.77 |      11.16 |   0.01 |   0.09
       17 |       96 |   5.97 |      11.62 |   0.01 |   0.09
       22 |       75 |   4.66 |      11.59 |   0.01 |   0.08
       29 |       57 |   3.54 |      12.86 |   0.01 |   0.09
       38 |       44 |   2.73 |      13.40 |   0.01 |   0.09
       50 |       34 |   2.11 |      14.53 |   0.01 |   0.09
	   
########### DA Rising ###########

 Interval |  Reduced |      % |        TAD |    MAD |     MD
------------------------------------------------------------
        5 |      321 |  20.09 |      19.53 |   0.01 |   3.93
        6 |      268 |  16.77 |      16.85 |   0.01 |   3.93
        8 |      201 |  12.58 |      31.42 |   0.02 |   3.93
       10 |      161 |  10.08 |      38.76 |   0.02 |   3.94
       13 |      124 |   7.76 |      42.98 |   0.03 |   3.94
       17 |       95 |   5.94 |      59.39 |   0.04 |   4.06
       22 |       74 |   4.63 |      57.28 |   0.04 |   4.03
       29 |       57 |   3.57 |      41.86 |   0.03 |   3.93
       38 |       44 |   2.75 |      39.94 |   0.02 |   3.93
       50 |       33 |   2.07 |     133.68 |   0.08 |   4.08
	   
########### DA Fluctuating ###########

 Interval |  Reduced |      % |        TAD |    MAD |     MD
------------------------------------------------------------
        5 |      333 |  20.10 |      59.92 |   0.04 |   5.88
        6 |      278 |  16.78 |      74.35 |   0.04 |   5.88
        8 |      209 |  12.61 |     103.00 |   0.06 |   5.88
       10 |      167 |  10.08 |     158.50 |   0.10 |   5.98
       13 |      129 |   7.79 |     198.44 |   0.12 |   5.94
       17 |       99 |   5.97 |     316.53 |   0.19 |   6.00
       22 |       77 |   4.65 |     426.10 |   0.26 |   5.98
       29 |       59 |   3.56 |     590.44 |   0.36 |   5.94
       38 |       45 |   2.72 |     841.73 |   0.51 |   6.33
       50 |       35 |   2.11 |    1256.72 |   0.76 |   5.98