########### DP Stable ###########

 Threshold |  Reduced |      % |        TAD |    MAD |     MD
------------------------------------------------------------
    0.0010 |     1113 |  69.17 |       0.22 |   0.00 |   0.02
    0.0022 |     1113 |  69.17 |       0.22 |   0.00 |   0.02
    0.0046 |     1113 |  69.17 |       0.22 |   0.00 |   0.02
    0.0100 |      984 |  61.16 |       1.84 |   0.00 |   0.03
    0.0215 |      434 |  26.97 |       8.11 |   0.01 |   0.04
    0.0464 |      131 |   8.14 |      13.11 |   0.01 |   0.04
    0.1000 |      105 |   6.53 |      12.01 |   0.01 |   0.05
    0.2154 |      101 |   6.28 |      13.01 |   0.01 |   0.05
    0.4642 |      101 |   6.28 |      13.01 |   0.01 |   0.05
    1.0000 |      101 |   6.28 |      13.01 |   0.01 |   0.05
	
########### DP Rising ###########

 Threshold |  Reduced |      % |        TAD |    MAD |     MD
------------------------------------------------------------
    0.0010 |     1426 |  89.24 |       0.01 |   0.00 |   0.01
    0.0022 |     1418 |  88.74 |       0.02 |   0.00 |   0.01
    0.0046 |     1412 |  88.36 |       0.02 |   0.00 |   0.01
    0.0100 |     1220 |  76.35 |       1.34 |   0.00 |   0.01
    0.0215 |      790 |  49.44 |       6.02 |   0.00 |   0.06
    0.0464 |      436 |  27.28 |      13.95 |   0.01 |   0.16
    0.1000 |      252 |  15.77 |      21.15 |   0.01 |   0.11
    0.2154 |      154 |   9.64 |      26.42 |   0.02 |   0.13
    0.4642 |      124 |   7.76 |      26.66 |   0.02 |   0.15
    1.0000 |      117 |   7.32 |      27.90 |   0.02 |   0.14

########### DP Fluctuating ###########

Threshold |  Reduced |      % |        TAD |    MAD |     MD
------------------------------------------------------------
    0.0010 |     1630 |  98.37 |       0.01 |   0.00 |   0.00
    0.0022 |     1613 |  97.34 |       0.01 |   0.00 |   0.00
    0.0046 |     1599 |  96.50 |       0.04 |   0.00 |   0.00
    0.0100 |     1508 |  91.01 |       0.70 |   0.00 |   0.01
    0.0215 |     1227 |  74.05 |       4.07 |   0.00 |   0.04
    0.0464 |      911 |  54.98 |      12.90 |   0.01 |   0.20
    0.1000 |      559 |  33.74 |      34.20 |   0.02 |   0.72
    0.2154 |      334 |  20.16 |      58.41 |   0.04 |   0.32
    0.4642 |      233 |  14.06 |      94.11 |   0.06 |   0.56
    1.0000 |      185 |  11.16 |     129.97 |   0.08 |   1.25